"variable","year","longitude","latitude","hk_prevalence","asc_prevalence","tt_prevalence","coordinates","iso2"
"year",,,,,,,,"AO"
"longitude",,,,,,,,"AO"
"latitude",,,1,,0,,1,"AO"
"hk_prevalence",,,,,,,,"AO"
"asc_prevalence",,,0,,1,,0,"AO"
"tt_prevalence",,,,,,,,"AO"
"coordinates",,,1,,0,,1,"AO"
"year",1,0,0.3337,,0,0.4264,0.3337,"BF"
"longitude",0,1,0.5425,,0,0.2365,0.5425,"BF"
"latitude",0.3337,0.5425,1,,0,0.4493,1,"BF"
"hk_prevalence",,,,,,,,"BF"
"asc_prevalence",0,0,0,,1,0.1551,0,"BF"
"tt_prevalence",0.4264,0.2365,0.4493,,0.1551,1,0.4493,"BF"
"coordinates",0.3337,0.5425,1,,0,0.4493,1,"BF"
"year",1,0.2423,0.03498,,,,0.03498,"BI"
"longitude",0.2423,1,0.542,,,,0.542,"BI"
"latitude",0.03498,0.542,1,,,,1,"BI"
"hk_prevalence",,,,,,,,"BI"
"asc_prevalence",,,,,,,,"BI"
"tt_prevalence",,,,,,,,"BI"
"coordinates",0.03498,0.542,1,,,,1,"BI"
"year",,,,,,,,"BJ"
"longitude",,,,,,,,"BJ"
"latitude",,,1,0,0,0,1,"BJ"
"hk_prevalence",,,0,1,0.9535,0.9028,0,"BJ"
"asc_prevalence",,,0,0.9535,1,0.918,0,"BJ"
"tt_prevalence",,,0,0.9028,0.918,1,0,"BJ"
"coordinates",,,1,0,0,0,1,"BJ"
"year",,,,,,,,"BW"
"longitude",,1,1,,,,1,"BW"
"latitude",,1,1,,,,1,"BW"
"hk_prevalence",,,,,,,,"BW"
"asc_prevalence",,,,,,,,"BW"
"tt_prevalence",,,,,,,,"BW"
"coordinates",,1,1,,,,1,"BW"
"year",1,0,0.09755,0,,,0.09755,"CD"
"longitude",0,1,0.7456,0.5501,,,0.7456,"CD"
"latitude",0.09755,0.7456,1,0.4039,,,1,"CD"
"hk_prevalence",0,0.5501,0.4039,1,,,0.4039,"CD"
"asc_prevalence",,,,,,,,"CD"
"tt_prevalence",,,,,,,,"CD"
"coordinates",0.09755,0.7456,1,0.4039,,,1,"CD"
"year",,,,,,,,"CF"
"longitude",,,,,,,,"CF"
"latitude",,,,,,,,"CF"
"hk_prevalence",,,,,,,,"CF"
"asc_prevalence",,,,,,,,"CF"
"tt_prevalence",,,,,,,,"CF"
"coordinates",,,,,,,,"CF"
"year",,,,,,,,"CG"
"longitude",,,,,,,,"CG"
"latitude",,,,,,,,"CG"
"hk_prevalence",,,,,,,,"CG"
"asc_prevalence",,,,,,,,"CG"
"tt_prevalence",,,,,,,,"CG"
"coordinates",,,,,,,,"CG"
"year",1,0.02485,0.02609,0.4063,0,0.3512,0.02609,"CI"
"longitude",0.02485,1,0.9783,0.03633,0.03633,0,0.9783,"CI"
"latitude",0.02609,0.9783,1,0.03761,0.03761,0,1,"CI"
"hk_prevalence",0.4063,0.03633,0.03761,1,0.6656,0.2855,0.03761,"CI"
"asc_prevalence",0,0.03633,0.03761,0.6656,1,0.2855,0.03761,"CI"
"tt_prevalence",0.3512,0,0,0.2855,0.2855,1,0,"CI"
"coordinates",0.02609,0.9783,1,0.03761,0.03761,0,1,"CI"
"year",1,0.1951,0.03179,0.07323,0.1053,0.112,0.03179,"CM"
"longitude",0.1951,1,0.3789,0,0,0,0.3789,"CM"
"latitude",0.03179,0.3789,1,0.04476,0.07076,0.07593,1,"CM"
"hk_prevalence",0.07323,0,0.04476,1,0,0,0.04476,"CM"
"asc_prevalence",0.1053,0,0.07076,0,1,0.9478,0.07076,"CM"
"tt_prevalence",0.112,0,0.07593,0,0.9478,1,0.07593,"CM"
"coordinates",0.03179,0.3789,1,0.04476,0.07076,0.07593,1,"CM"
"year",,,,,,,,"CV"
"longitude",,,,,,,,"CV"
"latitude",,,,,,,,"CV"
"hk_prevalence",,,,1,1,1,,"CV"
"asc_prevalence",,,,1,1,1,,"CV"
"tt_prevalence",,,,1,1,1,,"CV"
"coordinates",,,,,,,,"CV"
"year",1,0,,0,,0,,"EG"
"longitude",0,1,,0,,0,,"EG"
"latitude",,,,,,,,"EG"
"hk_prevalence",0,0,,1,,0,,"EG"
"asc_prevalence",,,,,,,,"EG"
"tt_prevalence",0,0,,0,,1,,"EG"
"coordinates",,,,,,,,"EG"
"year",,,,,,,,"ER"
"longitude",,,,,,,,"ER"
"latitude",,,1,,,,1,"ER"
"hk_prevalence",,,,,,,,"ER"
"asc_prevalence",,,,,,,,"ER"
"tt_prevalence",,,,,,,,"ER"
"coordinates",,,1,,,,1,"ER"
"year",1,0,0,0.1041,0.592,0.5871,0,"ET"
"longitude",0,1,1,0,0,0,1,"ET"
"latitude",0,1,1,0,0,0,1,"ET"
"hk_prevalence",0.1041,0,0,1,0.05022,0,0,"ET"
"asc_prevalence",0.592,0,0,0.05022,1,0.9659,0,"ET"
"tt_prevalence",0.5871,0,0,0,0.9659,1,0,"ET"
"coordinates",0,1,1,0,0,0,1,"ET"
"year",1,0,0,,,,0,"GA"
"longitude",0,1,0.9092,,,,0.9092,"GA"
"latitude",0,0.9092,1,,,,1,"GA"
"hk_prevalence",,,,,,,,"GA"
"asc_prevalence",,,,,,,,"GA"
"tt_prevalence",,,,,,,,"GA"
"coordinates",0,0.9092,1,,,,1,"GA"
"year",,,,,,,,"GH"
"longitude",,1,0.6955,0,0.2983,0.2983,0.6955,"GH"
"latitude",,0.6955,1,0,0.1429,0.1429,1,"GH"
"hk_prevalence",,0,0,1,0.1964,0.1964,0,"GH"
"asc_prevalence",,0.2983,0.1429,0.1964,1,1,0.1429,"GH"
"tt_prevalence",,0.2983,0.1429,0.1964,1,1,0.1429,"GH"
"coordinates",,0.6955,1,0,0.1429,0.1429,1,"GH"
"year",,,,,,,,"GM"
"longitude",,,,,,,,"GM"
"latitude",,,1,0.03201,0.03201,0.03201,1,"GM"
"hk_prevalence",,,0.03201,1,1,1,0.03201,"GM"
"asc_prevalence",,,0.03201,1,1,1,0.03201,"GM"
"tt_prevalence",,,0.03201,1,1,1,0.03201,"GM"
"coordinates",,,1,0.03201,0.03201,0.03201,1,"GM"
"year",1,0.2433,0.05397,,,,0.05397,"GN"
"longitude",0.2433,1,0.536,,,,0.536,"GN"
"latitude",0.05397,0.536,1,,,,1,"GN"
"hk_prevalence",,,,,,,,"GN"
"asc_prevalence",,,,,,,,"GN"
"tt_prevalence",,,,,,,,"GN"
"coordinates",0.05397,0.536,1,,,,1,"GN"
"year",1,0.2165,0.4359,0.6175,0.634,0.634,0.4359,"GW"
"longitude",0.2165,1,0.4551,0.3428,0.3523,0.3523,0.4551,"GW"
"latitude",0.4359,0.4551,1,0.7594,0.7796,0.7796,1,"GW"
"hk_prevalence",0.6175,0.3428,0.7594,1,0.9742,0.9742,0.7594,"GW"
"asc_prevalence",0.634,0.3523,0.7796,0.9742,1,1,0.7796,"GW"
"tt_prevalence",0.634,0.3523,0.7796,0.9742,1,1,0.7796,"GW"
"coordinates",0.4359,0.4551,1,0.7594,0.7796,0.7796,1,"GW"
"year",1,0,0.0489,0,0,0,0.0489,"KE"
"longitude",0,1,0.9103,0,0,0,0.9103,"KE"
"latitude",0.0489,0.9103,1,0.01085,0,0.01686,1,"KE"
"hk_prevalence",0,0,0.01085,1,0.02678,0.04521,0.01085,"KE"
"asc_prevalence",0,0,0,0.02678,1,0.2809,0,"KE"
"tt_prevalence",0,0,0.01686,0.04521,0.2809,1,0.01686,"KE"
"coordinates",0.0489,0.9103,1,0.01085,0,0.01686,1,"KE"
"year",,,,,,,,"LR"
"longitude",,1,0.8365,0,0,0,0.8365,"LR"
"latitude",,0.8365,1,0.2098,0.2098,0.2575,1,"LR"
"hk_prevalence",,0,0.2098,1,0.4991,0.407,0.2098,"LR"
"asc_prevalence",,0,0.2098,0.4991,1,0,0.2098,"LR"
"tt_prevalence",,0,0.2575,0.407,0,1,0.2575,"LR"
"coordinates",,0.8365,1,0.2098,0.2098,0.2575,1,"LR"
"year",,,,,,,,"LS"
"longitude",,,,,,,,"LS"
"latitude",,,1,,,,1,"LS"
"hk_prevalence",,,,,,,,"LS"
"asc_prevalence",,,,,,,,"LS"
"tt_prevalence",,,,,,,,"LS"
"coordinates",,,1,,,,1,"LS"
"year",1,0,0,0,0,0,0,"MG"
"longitude",0,1,0.6585,0,0,0,0.6585,"MG"
"latitude",0,0.6585,1,0,0,0,1,"MG"
"hk_prevalence",0,0,0,1,0,0.3088,0,"MG"
"asc_prevalence",0,0,0,0,1,0.511,0,"MG"
"tt_prevalence",0,0,0,0.3088,0.511,1,0,"MG"
"coordinates",0,0.6585,1,0,0,0,1,"MG"
"year",1,0,0,,0.3014,0.3014,0,"ML"
"longitude",0,1,1,,0,0,1,"ML"
"latitude",0,1,1,,0,0,1,"ML"
"hk_prevalence",,,,,,,,"ML"
"asc_prevalence",0.3014,0,0,,1,1,0,"ML"
"tt_prevalence",0.3014,0,0,,1,1,0,"ML"
"coordinates",0,1,1,,0,0,1,"ML"
"year",,,,,,,,"MR"
"longitude",,1,0.8451,0,0,0,0.8451,"MR"
"latitude",,0.8451,1,0,0,0,1,"MR"
"hk_prevalence",,0,0,1,1,1,0,"MR"
"asc_prevalence",,0,0,1,1,1,0,"MR"
"tt_prevalence",,0,0,1,1,1,0,"MR"
"coordinates",,0.8451,1,0,0,0,1,"MR"
"year",,,,,,,,"MU"
"longitude",,1,0.6919,,,,0.6919,"MU"
"latitude",,0.6919,1,,,,1,"MU"
"hk_prevalence",,,,,,,,"MU"
"asc_prevalence",,,,,,,,"MU"
"tt_prevalence",,,,,,,,"MU"
"coordinates",,0.6919,1,,,,1,"MU"
"year",,,,,,,,"MW"
"longitude",,1,0.5452,0,0,0,0.5452,"MW"
"latitude",,0.5452,1,0,0,0,1,"MW"
"hk_prevalence",,0,0,1,0,0.4985,0,"MW"
"asc_prevalence",,0,0,0,1,0.5272,0,"MW"
"tt_prevalence",,0,0,0.4985,0.5272,1,0,"MW"
"coordinates",,0.5452,1,0,0,0,1,"MW"
"year",1,0.05945,0,0.1098,0.07697,0.05372,0,"MZ"
"longitude",0.05945,1,0.4764,0.1002,0.1498,0.1952,0.4764,"MZ"
"latitude",0,0.4764,1,0,0.01039,0.06426,1,"MZ"
"hk_prevalence",0.1098,0.1002,0,1,0.5084,0.628,0,"MZ"
"asc_prevalence",0.07697,0.1498,0.01039,0.5084,1,0.8146,0.01039,"MZ"
"tt_prevalence",0.05372,0.1952,0.06426,0.628,0.8146,1,0.06426,"MZ"
"coordinates",0,0.4764,1,0,0.01039,0.06426,1,"MZ"
"year",1,0.2259,0.07546,0.0333,,0,0.07546,"NE"
"longitude",0.2259,1,0.8322,0,,0.06548,0.8322,"NE"
"latitude",0.07546,0.8322,1,0.03663,,0.05039,1,"NE"
"hk_prevalence",0.0333,0,0.03663,1,,0.4434,0.03663,"NE"
"asc_prevalence",,,,,,,,"NE"
"tt_prevalence",0,0.06548,0.05039,0.4434,,1,0.05039,"NE"
"coordinates",0.07546,0.8322,1,0.03663,,0.05039,1,"NE"
"year",1,0.0595,0.1571,0,0.0943,0.06266,0.1571,"NG"
"longitude",0.0595,1,0.5911,0,0.216,0.2476,0.5911,"NG"
"latitude",0.1571,0.5911,1,0,0.1164,0.1264,1,"NG"
"hk_prevalence",0,0,0,1,0,0.498,0,"NG"
"asc_prevalence",0.0943,0.216,0.1164,0,1,0.572,0.1164,"NG"
"tt_prevalence",0.06266,0.2476,0.1264,0.498,0.572,1,0.1264,"NG"
"coordinates",0.1571,0.5911,1,0,0.1164,0.1264,1,"NG"
"year",,,,,,,,"RW"
"longitude",,,,,,,,"RW"
"latitude",,,1,0,,0,1,"RW"
"hk_prevalence",,,0,1,,0.9947,0,"RW"
"asc_prevalence",,,,,,,,"RW"
"tt_prevalence",,,0,0.9947,,1,0,"RW"
"coordinates",,,1,0,,0,1,"RW"
"year",,,,,,,,"SC"
"longitude",,1,1,,,,1,"SC"
"latitude",,1,1,,,,1,"SC"
"hk_prevalence",,,,,,,,"SC"
"asc_prevalence",,,,,,,,"SC"
"tt_prevalence",,,,,,,,"SC"
"coordinates",,1,1,,,,1,"SC"
"year",,,,,,,,"SD"
"longitude",,,,,,,,"SD"
"latitude",,,,,,,,"SD"
"hk_prevalence",,,,,,,,"SD"
"asc_prevalence",,,,,,,,"SD"
"tt_prevalence",,,,,,,,"SD"
"coordinates",,,,,,,,"SD"
"year",1,0.04396,0.04396,,,,0.04396,"SL"
"longitude",0.04396,1,1,,,,1,"SL"
"latitude",0.04396,1,1,,,,1,"SL"
"hk_prevalence",,,,,,,,"SL"
"asc_prevalence",,,,,,,,"SL"
"tt_prevalence",,,,,,,,"SL"
"coordinates",0.04396,1,1,,,,1,"SL"
"year",1,0,0.1398,0.4596,0.494,0.494,0.1398,"SN"
"longitude",0,1,0.828,0.1893,0.2115,0.2115,0.828,"SN"
"latitude",0.1398,0.828,1,0.3798,0.4103,0.4103,1,"SN"
"hk_prevalence",0.4596,0.1893,0.3798,1,0.9457,0.9457,0.3798,"SN"
"asc_prevalence",0.494,0.2115,0.4103,0.9457,1,1,0.4103,"SN"
"tt_prevalence",0.494,0.2115,0.4103,0.9457,1,1,0.4103,"SN"
"coordinates",0.1398,0.828,1,0.3798,0.4103,0.4103,1,"SN"
"year",,,,,,,,"SO"
"longitude",,1,,,,,,"SO"
"latitude",,,,,,,,"SO"
"hk_prevalence",,,,,,,,"SO"
"asc_prevalence",,,,,,,,"SO"
"tt_prevalence",,,,,,,,"SO"
"coordinates",,,,,,,,"SO"
"year",,,,,,,,"SS"
"longitude",,1,0.2197,,,,0.2197,"SS"
"latitude",,0.2197,1,,,,1,"SS"
"hk_prevalence",,,,,,,,"SS"
"asc_prevalence",,,,,,,,"SS"
"tt_prevalence",,,,,,,,"SS"
"coordinates",,0.2197,1,,,,1,"SS"
"year",1,0.05806,0,,,,0,"ST"
"longitude",0.05806,1,0.7775,,,,0.7775,"ST"
"latitude",0,0.7775,1,,,,1,"ST"
"hk_prevalence",,,,,,,,"ST"
"asc_prevalence",,,,,,,,"ST"
"tt_prevalence",,,,,,,,"ST"
"coordinates",0,0.7775,1,,,,1,"ST"
"year",1,,0,,,,0,"SZ"
"longitude",,,,,,,,"SZ"
"latitude",0,,1,,,,1,"SZ"
"hk_prevalence",,,,,,,,"SZ"
"asc_prevalence",,,,,,,,"SZ"
"tt_prevalence",,,,,,,,"SZ"
"coordinates",0,,1,,,,1,"SZ"
"year",1,0.06821,0.1632,0.1542,,0.1167,0.1632,"TD"
"longitude",0.06821,1,0.564,0,,0,0.564,"TD"
"latitude",0.1632,0.564,1,0,,0,1,"TD"
"hk_prevalence",0.1542,0,0,1,,0.815,0,"TD"
"asc_prevalence",,,,,,,,"TD"
"tt_prevalence",0.1167,0,0,0.815,,1,0,"TD"
"coordinates",0.1632,0.564,1,0,,0,1,"TD"
"year",,,,,,,,"TG"
"longitude",,1,0.9345,,,,0.9345,"TG"
"latitude",,0.9345,1,,,,1,"TG"
"hk_prevalence",,,,,,,,"TG"
"asc_prevalence",,,,,,,,"TG"
"tt_prevalence",,,,,,,,"TG"
"coordinates",,0.9345,1,,,,1,"TG"
"year",1,0.04979,0.02913,0,0.01298,0,0.02913,"TZ"
"longitude",0.04979,1,0.8409,0,0,0,0.8409,"TZ"
"latitude",0.02913,0.8409,1,0,0,0,1,"TZ"
"hk_prevalence",0,0,0,1,0,0,0,"TZ"
"asc_prevalence",0.01298,0,0,0,1,0.9037,0,"TZ"
"tt_prevalence",0,0,0,0,0.9037,1,0,"TZ"
"coordinates",0.02913,0.8409,1,0,0,0,1,"TZ"
"year",1,0,0.106,0.1271,0,0,0.106,"UG"
"longitude",0,1,0.7076,0.007109,0.01201,0.01201,0.7076,"UG"
"latitude",0.106,0.7076,1,0.02533,0.0347,0.0347,1,"UG"
"hk_prevalence",0.1271,0.007109,0.02533,1,0.009776,0.009776,0.02533,"UG"
"asc_prevalence",0,0.01201,0.0347,0.009776,1,0.9863,0.0347,"UG"
"tt_prevalence",0,0.01201,0.0347,0.009776,0.9863,1,0.0347,"UG"
"coordinates",0.106,0.7076,1,0.02533,0.0347,0.0347,1,"UG"
"year",1,0.1749,0.1811,0.173,,,0.1811,"ZA"
"longitude",0.1749,1,0.9737,0,,,0.9737,"ZA"
"latitude",0.1811,0.9737,1,0,,,1,"ZA"
"hk_prevalence",0.173,0,0,1,,,0,"ZA"
"asc_prevalence",,,,,,,,"ZA"
"tt_prevalence",,,,,,,,"ZA"
"coordinates",0.1811,0.9737,1,0,,,1,"ZA"
"year",,,,,,,,"ZM"
"longitude",,1,1,0,,0.2531,1,"ZM"
"latitude",,1,1,0,,0.2531,1,"ZM"
"hk_prevalence",,0,0,1,,0.3137,0,"ZM"
"asc_prevalence",,,,,,,,"ZM"
"tt_prevalence",,0.2531,0.2531,0.3137,,1,0.2531,"ZM"
"coordinates",,1,1,0,,0.2531,1,"ZM"
"year",1,0.119,0,0.2061,0.1933,0.08803,0,"ZW"
"longitude",0.119,1,0.1145,0.5986,0.5701,0,0.1145,"ZW"
"latitude",0,0.1145,1,0.06254,0.0547,0.1024,1,"ZW"
"hk_prevalence",0.2061,0.5986,0.06254,1,0.9402,0.4613,0.06254,"ZW"
"asc_prevalence",0.1933,0.5701,0.0547,0.9402,1,0.4908,0.0547,"ZW"
"tt_prevalence",0.08803,0,0.1024,0.4613,0.4908,1,0.1024,"ZW"
"coordinates",0,0.1145,1,0.06254,0.0547,0.1024,1,"ZW"
"year",1,0,0.3671,,,,0.3671,"ZZ"
"longitude",0,1,0.1594,,,,0.1594,"ZZ"
"latitude",0.3671,0.1594,1,,,,1,"ZZ"
"hk_prevalence",,,,,,,,"ZZ"
"asc_prevalence",,,,,,,,"ZZ"
"tt_prevalence",,,,,,,,"ZZ"
"coordinates",0.3671,0.1594,1,,,,1,"ZZ"
